Date,Category,Net worth,Assets,Real estate,Consumer durables,Corporate equities and mutual fund shares,DB pension entitlements,DC pension entitlements,Private businesses,Other assets,Liabilities,Home mortgages,Consumer credit,Other liabilities
1989:Q3,age70plus,3851759,3956123,1004871,161281,471599,473268,23383,343769,1477952,104364,41940,36496,25928
1989:Q3,age55to69,7580784,8008572,1902024,463544,753817,1700516,323248,1019221,1846202,427788,291825,91033,44930
1989:Q3,age40to54,6533554,7774305,2473155,673038,643630,1092225,519631,1127287,1245339,1240751,871386,300372,68993
1989:Q3,ageunder40,2444770,3824640,1513120,598316,221397,216322,147761,479346,648379,1379870,1006002,356306,17562
1989:Q4,age70plus,3974986,4077106,1049264,172153,477444,485910,23430,355681,1513224,102121,39777,37242,25102
1989:Q4,age55to69,7726987,8178798,1945248,467118,790016,1729595,337801,1034730,1874290,451811,306706,99604,45501
1989:Q4,age40to54,6612439,7878932,2467280,673399,659096,1133019,541940,1127717,1276481,1266493,892749,304301,69443
1989:Q4,ageunder40,2475767,3882885,1532526,612913,225548,218542,153065,478700,661591,1407118,1021349,368138,17631
1990:Q1,age70plus,3986789,4087363,1049262,183365,430585,496085,21443,365845,1540777,100574,40703,34495,25376
1990:Q1,age55to69,7744391,8217367,1949976,480438,757888,1750844,340368,1046797,1891056,472976,325758,98689,48529
1990:Q1,age40to54,6650854,7940778,2477572,683461,634493,1171321,551404,1127557,1294970,1289924,924946,294554,70424
1990:Q1,ageunder40,2458329,3885242,1536174,619718,210545,219692,154126,476195,668792,1426914,1043992,364581,18341
1990:Q2,age70plus,4084105,4185082,1084110,193767,438638,507272,20383,378601,1562312,100977,42411,33866,24700
1990:Q2,age55to69,7860348,8353164,1990455,482079,798054,1773739,351821,1061745,1895270,492815,340710,102618,49487
1990:Q2,age40to54,6712179,8030107,2467739,683643,654000,1212374,569324,1129780,1313248,1317929,954186,293133,70610
1990:Q2,ageunder40,2467713,3913604,1542859,632898,215746,221223,157138,475422,668318,1445891,1058610,369096,18185
1990:Q3,age70plus,4042223,4139353,1089406,199827,327891,516617,16704,392334,1596574,97130,41408,33660,22062
1990:Q3,age55to69,7799245,8308902,2006856,491854,678250,1790673,342446,1077198,1921624,509657,354624,108298,46735
1990:Q3,age40to54,6734157,8077294,2507804,693176,577681,1251987,568827,1133150,1344669,1343137,979252,294007,69878
1990:Q3,ageunder40,2427689,3893119,1558660,631296,177171,221963,155091,475015,673923,1465430,1071981,376336,17113
1990:Q4,age70plus,4177728,4269816,1092004,207147,373187,526627,16701,402194,1651956,92088,36555,33073,22460
1990:Q4,age55to69,7947101,8478823,1995242,498168,771030,1808414,357393,1086401,1962175,531722,368266,113868,49588
1990:Q4,age40to54,6885864,8250529,2502325,699920,631328,1293916,594748,1134531,1393761,1364665,999497,294185,70983
1990:Q4,ageunder40,2438188,3924516,1556826,633807,196666,222945,160793,471102,682377,1486328,1085493,383265,17570
1991:Q1,age70plus,4322550,4406677,1112764,218511,449176,536510,17562,404684,1667470,84127,32390,29717,22020
1991:Q1,age55to69,8100038,8643524,2000889,501006,904168,1824885,375554,1084786,1952236,543486,380647,111539,51300
1991:Q1,age40to54,7027971,8403931,2482081,703056,707353,1337007,626122,1131905,1416406,1375960,1020323,283457,72180
1991:Q1,ageunder40,2475470,3967577,1551669,645211,226717,223845,168306,461032,690798,1492108,1096332,377494,18282
1991:Q2,age70plus,4349880,4432748,1131282,224958,430003,547039,16072,411005,1672388,82868,33428,28340,21100
1991:Q2,age55to69,8115737,8675781,2018899,503423,910609,1842157,381354,1087979,1931360,560044,394803,113615,51626
1991:Q2,age40to54,7093081,8497607,2496635,707704,709770,1382430,643652,1132284,1425132,1404526,1052170,280267,72089
1991:Q2,ageunder40,2445173,3952061,1555995,647613,222434,224976,171063,453712,676269,1506888,1110249,379084,17555
1991:Q3,age70plus,4406014,4494482,1130793,230309,460015,557250,16060,414317,1685738,88469,37806,27624,23039
1991:Q3,age55to69,8217692,8788548,2031700,511367,982608,1857760,395152,1086655,1923306,570855,398058,115472,57325
1991:Q3,age40to54,7256017,8684147,2541624,718488,750478,1428770,671086,1131404,1442297,1428129,1075913,278692,73524
1991:Q3,ageunder40,2463394,3965073,1566272,643312,235650,225949,176777,443770,673343,1501679,1102725,380712,18242
1991:Q4,age70plus,4575240,4668776,1149412,236429,571828,567589,16702,413339,1713477,93535,40669,27536,25330
1991:Q4,age55to69,8410138,9002939,2045897,512889,1159044,1872905,412714,1079304,1920186,592801,408697,120385,63719
1991:Q4,age40to54,7448848,8912944,2560212,723586,849730,1476694,703268,1128558,1470895,1464095,1108130,280592,75373
1991:Q4,ageunder40,2499182,4015979,1575064,644543,276763,226946,183674,430284,678705,1516797,1110383,387069,19345
1992:Q1,age70plus,4572644,4671497,1179964,244618,539003,583189,13783,415123,1695818,98854,50357,25067,23430
1992:Q1,age55to69,8408556,8999878,2068113,511054,1150294,1900693,409681,1075431,1884613,591322,412075,116642,62605
1992:Q1,age40to54,7491021,8980675,2565390,725393,846303,1533904,713990,1127859,1467837,1489655,1141791,271825,76039
1992:Q1,ageunder40,2476124,3979321,1581080,651139,268086,229988,183974,418689,646365,1503197,1104053,379819,19325
1992:Q2,age70plus,4604380,4710203,1205055,254100,524087,604150,12221,419152,1691438,105823,57159,24173,24491
1992:Q2,age55to69,8421640,9021249,2085616,512129,1164747,1927902,415822,1074283,1840750,599610,415045,117853,66712
1992:Q2,age40to54,7568893,9087881,2574980,730031,856385,1589513,734687,1128868,1473418,1518988,1171579,269814,77595
1992:Q2,ageunder40,2476692,3974714,1582403,656961,265624,232970,186836,408534,641386,1498022,1097460,380491,20071
1992:Q3,age70plus,4676501,4781123,1211435,258593,546408,624916,11887,427922,1699961,104621,57329,23509,23783
1992:Q3,age55to69,8525032,9141088,2106812,520962,1226676,1953635,428085,1078985,1825933,616057,426454,122201,67402
1992:Q3,age40to54,7759459,9312433,2633378,744110,893695,1646127,763214,1132832,1499076,1552974,1204167,270429,78378
1992:Q3,ageunder40,2492315,4005887,1612362,648059,275799,235803,191956,401632,640276,1513572,1107928,385794,19850
1992:Q4,age70plus,4814395,4922339,1218018,262912,659268,643221,13884,426543,1698492,107944,61475,23432,23037
1992:Q4,age55to69,8723619,9347238,2116690,527294,1351885,2003557,445958,1069875,1831979,623618,432025,122355,69238
1992:Q4,age40to54,7987816,9583165,2697311,752406,997907,1677838,785246,1148448,1524009,1595349,1234172,282325,78852
1992:Q4,ageunder40,2530239,4059903,1620183,650855,303285,247603,203461,385399,649116,1529664,1113230,396657,19777
1993:Q1,age70plus,4939833,5050578,1273671,271638,699118,653787,17196,438891,1696277,110744,66071,20167,24506
1993:Q1,age55to69,8827401,9445645,2135510,518120,1385674,2033765,468556,1077822,1826197,618244,430118,113125,75001
1993:Q1,age40to54,8053459,9670023,2655008,744392,1052822,1698675,815062,1172219,1531846,1616564,1255029,281314,80221
1993:Q1,ageunder40,2556449,4073083,1605916,672465,306322,256387,217309,378930,635754,1516633,1103486,392656,20491
1993:Q2,age70plus,4990623,5102260,1282596,277250,718059,664362,18320,450566,1691107,111637,69082,18931,23624
1993:Q2,age55to69,8895859,9520965,2156485,527782,1393980,2063721,479622,1084531,1814844,625106,437909,110829,76368
1993:Q2,age40to54,8205555,9863617,2720474,756805,1094243,1720195,832427,1196133,1543339,1658062,1288023,289489,80550
1993:Q2,ageunder40,2566076,4098853,1620532,674609,302581,265166,227026,371489,637450,1532778,1113332,399414,20032
1993:Q3,age70plus,5069525,5182320,1285660,281829,771666,675317,19963,466065,1681821,112795,68386,18518,25891
1993:Q3,age55to69,9013179,9655008,2178817,538630,1443019,2094480,494422,1095558,1810081,641829,446956,111611,83262
1993:Q3,age40to54,8409075,10110749,2797315,771432,1160452,1742849,854285,1222432,1561984,1701674,1317957,301696,82021
1993:Q3,ageunder40,2577651,4134304,1634228,674176,309818,274083,237531,366352,638115,1556653,1125233,410844,20576
1993:Q4,age70plus,5187713,5306132,1308498,290794,825190,685257,20445,479094,1696855,118420,71155,19994,27271
1993:Q4,age55to69,9150196,9806703,2207088,546072,1491160,2122829,500671,1103311,1835572,656507,451865,116115,88527
1993:Q4,age40to54,8582259,10334300,2845826,781830,1227507,1764396,867960,1247792,1598990,1752041,1347613,321298,83130
1993:Q4,ageunder40,2584299,4162843,1645330,683553,316831,282602,245791,358940,629797,1578544,1129043,428762,20739
1994:Q1,age70plus,5228970,5343973,1349249,299501,773261,695530,19970,497709,1708754,115004,70724,17480,26800
1994:Q1,age55to69,9189035,9847047,2243331,544599,1417211,2152216,501524,1117484,1870682,658012,456235,110922,90855
1994:Q1,age40to54,8643277,10424574,2845842,782883,1220886,1786766,875480,1276137,1636581,1781297,1371933,325041,84323
1994:Q1,ageunder40,2573106,4155622,1643947,699176,291144,291243,252037,355067,623007,1582516,1131062,430434,21020
1994:Q2,age70plus,5258555,5378593,1371243,307372,744605,705215,20892,519642,1709625,120039,75256,18253,26530
1994:Q2,age55to69,9254342,9922101,2276700,551477,1370922,2180617,508509,1135298,1898577,667759,460947,113273,93539
1994:Q2,age40to54,8755950,10588429,2893921,793429,1229467,1808422,891738,1306131,1665321,1832478,1404536,342162,85780
1994:Q2,ageunder40,2550266,4150959,1648599,707336,273013,299653,260971,353064,608322,1600693,1134377,444893,21423
1994:Q3,age70plus,5308569,5432404,1367814,313535,764810,715564,23047,536417,1711217,123835,78864,19516,25455
1994:Q3,age55to69,9361182,10039523,2292373,563502,1382017,2211214,524011,1147009,1919397,678341,466517,117115,94709
1994:Q3,age40to54,8953241,10838602,2974436,810402,1273873,1831165,917739,1333657,1697331,1885361,1437125,361695,86541
1994:Q3,ageunder40,2556374,4178213,1659019,709075,270067,308314,272195,346889,612654,1621839,1139038,461627,21174
1994:Q4,age70plus,5356302,5490572,1377580,318675,747016,724481,21039,553041,1748740,134270,83816,22575,27879
1994:Q4,age55to69,9437928,10135879,2299815,570505,1349899,2239249,514904,1158632,2002875,697951,471034,124968,101949
1994:Q4,age40to54,9071568,11019346,3019517,821978,1289521,1851627,913948,1361066,1761688,1947777,1470121,388668,88988
1994:Q4,ageunder40,2516784,4165404,1664885,712978,255736,316425,275022,340146,600211,1648619,1141473,484957,22189
1995:Q1,age70plus,5476476,5608199,1394064,327019,815230,736223,24545,566097,1745021,131724,85239,20546,25939
1995:Q1,age55to69,9590434,10286637,2306761,578267,1417224,2274962,538859,1166448,2004115,696203,473729,120703,101771
1995:Q1,age40to54,9274747,11254235,3048808,833504,1371083,1876274,950464,1386756,1787346,1979488,1494493,395064,89931
1995:Q1,ageunder40,2564039,4213201,1665570,721905,267297,325609,288877,330427,613516,1649162,1138975,488233,21954
1995:Q2,age70plus,5566755,5698257,1376174,327562,889005,754446,28314,580493,1742263,131502,84586,21270,25646
1995:Q2,age55to69,9756055,10467259,2309219,590087,1490489,2309771,567459,1176161,2024073,711204,482295,124429,104480
1995:Q2,age40to54,9550004,11579852,3143239,851492,1457079,1903507,990902,1412876,1820757,2029848,1524419,413451,91978
1995:Q2,ageunder40,2595005,4268958,1679676,715192,280234,334318,303032,321219,635287,1673953,1147536,503976,22441
1995:Q3,age70plus,5684337,5823641,1364166,328905,984016,771612,33042,600574,1741325,139303,87977,22883,28443
1995:Q3,age55to69,9874916,10606466,2243580,598655,1587179,2343473,599301,1192643,2041635,731550,489778,129406,112366
1995:Q3,age40to54,9741414,11830019,3151248,865017,1559088,1928665,1037159,1441129,1847713,2088605,1558425,435293,94887
1995:Q3,ageunder40,2575154,4274826,1654143,712446,299093,342597,319273,315578,631696,1699672,1154158,522016,23498
1995:Q4,age70plus,5840152,5981725,1383172,329407,1060527,799304,33769,592576,1782970,141573,86154,26725,28694
1995:Q4,age55to69,10139920,10896750,2264179,609260,1718779,2381533,623923,1204492,2094584,756830,503517,145161,108152
1995:Q4,age40to54,9945830,12072328,3177545,878847,1652272,1943351,1074424,1458851,1887038,2126498,1570818,454117,101563
1995:Q4,ageunder40,2631139,4358696,1664352,711792,334176,342172,334453,340602,631149,1727557,1160019,542157,25381
1996:Q1,age70plus,5932687,6077884,1424448,333053,1085499,825931,34252,579492,1795209,145197,84543,24827,35827
1996:Q1,age55to69,10327627,11113071,2301103,620872,1793839,2418400,647982,1211452,2119423,785444,523440,147515,114489
1996:Q1,age40to54,10099782,12245269,3194027,892526,1707375,1955538,1110395,1474102,1911307,2145487,1592851,449343,103293
1996:Q1,ageunder40,2706413,4449580,1671085,715992,353879,341286,349270,361768,656300,1743167,1178025,540521,24621
1996:Q2,age70plus,5997388,6149558,1445087,329556,1117498,852356,32902,569224,1802935,152170,88058,26727,37385
1996:Q2,age55to69,10528045,11337461,2329536,633016,1877140,2455952,662891,1222145,2156781,809415,539226,157708,112481
1996:Q2,age40to54,10253926,12440355,3244847,908044,1768123,1966742,1134301,1490402,1927896,2186429,1616321,460005,110103
1996:Q2,ageunder40,2738863,4506270,1681338,708200,375303,340265,360830,384604,655729,1767407,1188602,552139,26666
1996:Q3,age70plus,6007475,6166615,1476443,329515,1092277,878372,32278,558426,1799303,159140,92034,28521,38585
1996:Q3,age55to69,10663770,11496715,2356129,646313,1896053,2493566,681602,1232775,2190277,832945,555603,167655,109687
1996:Q3,age40to54,10355633,12582472,3285365,923769,1784728,1976798,1163411,1506382,1942019,2226838,1641501,470351,114986
1996:Q3,ageunder40,2778134,4569211,1690155,705579,379448,339035,374003,406772,674220,1791077,1200223,563320,27534
1996:Q4,age70plus,6163452,6329592,1534171,331671,1138684,900813,40261,561551,1822441,166140,93354,31078,41708
1996:Q4,age55to69,10923680,11785279,2380158,653904,1996341,2523845,732239,1259266,2239526,861599,572125,180026,109448
1996:Q4,age40to54,10518912,12782196,3276360,931456,1857480,1980919,1241818,1528864,1965299,2263284,1662303,484494,116487
1996:Q4,ageunder40,2864694,4680139,1698416,710898,404497,336444,402379,438189,689316,1815445,1210850,578281,26314
1997:Q1,age70plus,6157033,6327292,1572120,333860,1126972,927090,36626,567162,1763462,170259,96787,28511,44961
1997:Q1,age55to69,11015623,11888899,2402661,665640,2030195,2563576,738197,1288913,2199717,873275,584179,178677,110419
1997:Q1,age40to54,10569190,12849184,3287305,944142,1884588,1990854,1253276,1552864,1936155,2279993,1679554,475860,124579
1997:Q1,ageunder40,2957712,4771028,1701503,713402,411905,335199,410308,470926,727785,1813316,1212929,571127,29260
1997:Q2,age70plus,6440240,6618710,1598382,328165,1352293,956388,47716,565382,1770385,178470,99646,29448,49376
1997:Q2,age55to69,11515217,12414868,2437005,677207,2336938,2610669,823036,1310623,2219391,899652,600085,186644,112923
1997:Q2,age40to54,10978174,13294653,3343239,958445,2100746,2005489,1362049,1573770,1950915,2316479,1702495,483014,130970
1997:Q2,ageunder40,3091070,4923493,1716544,703148,489920,334977,442444,498240,738220,1832423,1222361,578932,31130
1997:Q3,age70plus,6621381,6811286,1620999,326006,1472712,984471,55915,568309,1782874,189906,104171,30597,55138
1997:Q3,age55to69,11883306,12816907,2464288,691648,2523554,2655247,890606,1337754,2253810,933601,621910,195506,116185
1997:Q3,age40to54,11290310,13650617,3396916,975687,2234443,2018356,1450277,1597448,1977490,2360307,1739054,491604,129649
1997:Q3,ageunder40,3185899,5046101,1731115,696653,536326,334241,469082,528392,750292,1860202,1244145,588098,27959
1997:Q4,age70plus,6748452,6950690,1687579,330118,1485973,1008946,50938,585445,1801690,202238,111682,33111,57445
1997:Q4,age55to69,12114135,13067321,2508107,699531,2588647,2691665,887152,1380906,2311313,953186,631225,206044,115917
1997:Q4,age40to54,11374866,13780421,3393223,983121,2286640,2025860,1453367,1628853,2009356,2405554,1761151,505078,139325
1997:Q4,ageunder40,3271472,5145562,1741380,705190,550584,332148,474978,567783,773499,1874090,1242300,599932,31858
1998:Q1,age70plus,7101346,7312549,1722601,328368,1752853,1043606,63467,577231,1824423,211203,119262,30711,61230
1998:Q1,age55to69,12709337,13674950,2556294,712456,2941876,2751082,976757,1395565,2340921,965614,644036,204289,117289
1998:Q1,age40to54,11863511,14296316,3458841,998900,2535997,2049780,1569574,1648408,2034817,2432806,1790482,496998,145326
1998:Q1,ageunder40,3439568,5312609,1761934,700337,639865,333582,507325,589603,779962,1873041,1247664,592045,33332
1998:Q2,age70plus,7233776,7454353,1780677,328926,1770438,1066211,60153,583080,1864868,220578,122036,33061,65481
1998:Q2,age55to69,13001616,14001851,2630592,725164,3012707,2807511,989062,1425854,2410962,1000236,665041,216421,118774
1998:Q2,age40to54,12085163,14571761,3536476,1014389,2596337,2080021,1589153,1675903,2079483,2486599,1825640,512019,148940
1998:Q2,ageunder40,3482169,5388500,1790300,699230,654907,336506,515747,620532,771278,1906331,1266986,606243,33102
1998:Q3,age70plus,6949906,7176123,1783247,323962,1461352,1083779,39170,577888,1906725,226216,126279,34633,65304
1998:Q3,age55to69,12794581,13818884,2662112,746641,2704415,2851950,909667,1443344,2500755,1024303,684223,226069,114011
1998:Q3,age40to54,12022576,14562351,3697289,1043710,2397492,2103394,1499426,1698687,2122352,2539775,1862145,523568,154062
1998:Q3,ageunder40,3416004,5349848,1826609,682416,572039,337589,499281,643603,788312,1933844,1283510,616448,33886
1998:Q4,age70plus,7501256,7731432,1863496,334292,1871779,1079068,67716,589282,1925799,230176,127216,36823,66137
1998:Q4,age55to69,13493654,14540926,2727240,746360,3143151,2887092,1049576,1471936,2515571,1047272,700445,230108,116719
1998:Q4,age40to54,12643881,15251489,3743698,1054386,2704844,2195011,1672063,1714562,2166925,2607609,1908002,543151,156456
1998:Q4,ageunder40,3564751,5543380,1858375,698725,693406,340062,521599,612689,818523,1978628,1312928,631190,34510
1999:Q1,age70plus,7553268,7784188,1885374,336081,1895648,1068909,75297,579038,1943841,230920,126850,35776,68294
1999:Q1,age55to69,13555215,14615476,2755035,752521,3136949,2909579,1084962,1474873,2501557,1060261,714549,225644,120068
1999:Q1,age40to54,12903487,15556572,3862207,1076472,2707790,2280248,1719319,1718909,2191627,2653085,1948712,548284,156089
1999:Q1,ageunder40,3506202,5509340,1886721,696196,699240,340625,515550,568386,802622,2003138,1337525,632694,32919
1999:Q2,age70plus,7843942,8083503,1948357,345574,2119304,1060337,87160,608162,1914609,239561,126252,36907,76402
1999:Q2,age55to69,13890227,14983180,2825355,757132,3360752,2935702,1145738,1522680,2435821,1092953,732351,227139,133463
1999:Q2,age40to54,13312093,16031435,3973129,1094966,2872801,2369971,1800194,1745894,2174480,2719343,1996138,564009,159196
1999:Q2,ageunder40,3546048,5592254,1916643,707172,763888,341732,517315,551597,793907,2046206,1368951,643526,33729
1999:Q3,age70plus,7801660,8048309,1980858,351421,1991243,1046206,81548,662628,1934406,246649,129925,39135,77589
1999:Q3,age55to69,13800954,14918627,2876332,768323,3184600,2949455,1111097,1600223,2428597,1117672,751468,230755,135449
1999:Q3,age40to54,13423612,16220135,4134349,1123438,2758900,2452072,1762698,1789079,2199599,2796523,2055277,584409,156837
1999:Q3,ageunder40,3483776,5577146,1961632,707521,724481,340910,492973,552619,797011,2093370,1404590,657597,31183
1999:Q4,age70plus,8447665,8722379,2046876,359872,2511982,1043565,103111,679448,1977524,274714,140281,42252,92181
1999:Q4,age55to69,14607093,15757693,2925427,772479,3748422,2990089,1234094,1634086,2453096,1150600,758137,233878,158585
1999:Q4,age40to54,14207313,17081172,4227427,1141540,3166790,2554311,1922947,1810524,2257633,2873859,2106858,606581,160420
1999:Q4,ageunder40,3698088,5820363,1996275,717202,875465,344057,512212,529468,845685,2122275,1418987,670911,32377
2000:Q1,age70plus,8661697,8960769,2108888,370179,2685268,1034293,112504,671859,1977779,299073,152166,42149,104758
2000:Q1,age55to69,14922201,16088622,3021396,784001,3918597,3016553,1286889,1639205,2421980,1166421,759346,227779,179296
2000:Q1,age40to54,14686876,17616036,4409096,1168831,3298182,2646260,1997750,1816351,2279566,2929161,2151616,613300,164245
2000:Q1,ageunder40,3774193,5901753,2051218,724908,923828,344914,513257,491228,852399,2127560,1423085,670537,33938
2000:Q2,age70plus,8613095,8915363,2188274,381205,2533154,1020645,109763,722293,1960030,302268,158438,45380,98450
2000:Q2,age55to69,14881184,16059544,3130702,794711,3727185,3034316,1272682,1713974,2385973,1178359,775924,232630,169805
2000:Q2,age40to54,14817492,17826483,4601152,1194106,3173018,2730954,1985610,1859016,2282627,3008992,2210660,637318,161014
2000:Q2,ageunder40,3734477,5904811,2119451,734686,877768,344283,495791,491866,840966,2170334,1453074,686443,30817
2000:Q3,age70plus,8686833,9003414,2227195,385242,2509583,1009184,112589,778078,1981543,316580,165665,50268,100647
2000:Q3,age55to69,15036854,16244055,3215781,807694,3681627,3058760,1292520,1796509,2391164,1207202,792383,241141,173678
2000:Q3,age40to54,15144032,18241115,4819594,1223159,3146822,2818953,2015423,1905505,2311658,3097082,2270120,668145,158817
2000:Q3,ageunder40,3728039,5946671,2178774,732079,868816,344424,487826,496409,838343,2218633,1482278,707519,28836
2000:Q4,age70plus,8543151,8853219,2317810,397778,2148084,992792,102695,802386,2091674,310068,167667,55711,86690
2000:Q4,age55to69,14838058,16052579,3329822,815339,3248829,3073917,1238555,1842637,2503481,1214521,809836,252036,152649
2000:Q4,age40to54,15048122,18224807,4957889,1241335,2833436,2897533,1947152,1930863,2416599,3176685,2317846,701890,156949
2000:Q4,ageunder40,3607443,5875252,2228575,747305,760758,342919,459828,481138,854730,2267809,1509879,731630,26300
2001:Q1,age70plus,8459376,8761118,2447811,406326,1870955,981001,85681,814250,2155094,301742,170056,55432,76254
2001:Q1,age55to69,14750442,15961473,3538206,824185,2904812,3102090,1149566,1875074,2567539,1211031,825620,248816,136595
2001:Q1,age40to54,15097624,18316425,5224283,1260366,2573095,2982561,1824780,1946659,2504681,3218801,2360649,709822,148330
2001:Q1,ageunder40,3575433,5865625,2327434,755871,676009,343028,420064,458594,884624,2290191,1533300,735654,21237
2001:Q2,age70plus,8797419,9098993,2508113,409760,2070077,1006488,94185,848440,2161930,301575,167321,56406,77848
2001:Q2,age55to69,15169447,16424707,3640262,833366,3129185,3129721,1201608,1936569,2553996,1255260,862845,252588,139827
2001:Q2,age40to54,15556385,18855093,5399052,1278961,2733448,3057225,1893414,1976336,2516657,3298708,2426983,725970,145755
2001:Q2,ageunder40,3609418,5971135,2377937,756708,733178,343637,423503,450759,885413,2361717,1592868,749285,19564
2001:Q3,age70plus,8540346,8880999,2547904,411650,1663677,1027316,76745,870828,2282879,340653,182205,58703,99745
2001:Q3,age55to69,14801846,16116348,3733360,845918,2625583,3149398,1110784,1985723,2665582,1314502,884749,253704,176049
2001:Q3,age40to54,15331362,18728861,5601442,1300077,2338942,3120557,1761902,1996177,2609764,3397499,2500787,742240,154472
2001:Q3,ageunder40,3436331,5849553,2420592,753716,608681,342689,383440,435973,904463,2413222,1629811,759704,23707
2001:Q4,age70plus,8966036,9275693,2606540,433877,1921410,1084557,90398,839827,2299084,309656,161675,68209,79772
2001:Q4,age55to69,15446989,16792051,3876383,862756,2973796,3249227,1185077,1954642,2690170,1345062,924656,275925,144481
2001:Q4,age40to54,15727849,19176735,5696725,1305609,2615284,3099789,1827306,2009524,2622498,3448887,2544431,764457,139999
2001:Q4,ageunder40,3500766,5982718,2470803,762058,674886,334888,393750,436273,910059,2481952,1681023,783236,17693
2002:Q1,age70plus,9100295,9432412,2675906,452068,1912088,1135446,101670,835510,2319724,332117,179019,73271,79827
2002:Q1,age55to69,15774189,17137093,4024265,875271,2998544,3337292,1240447,1958611,2702663,1362904,940972,276254,145678
2002:Q1,age40to54,15821984,19339957,5801275,1303541,2641094,3063220,1866073,2039915,2624839,3517973,2625498,756711,135764
2002:Q1,ageunder40,3549688,6047348,2526375,767415,660238,324819,399909,453160,915432,2497660,1703321,777279,17060
2002:Q2,age70plus,9012332,9358073,2745049,473105,1666240,1184614,91062,837303,2360700,345741,192403,81492,71846
2002:Q2,age55to69,15719204,17110899,4161639,891071,2733654,3424180,1178207,1971970,2750178,1391695,970368,286890,134437
2002:Q2,age40to54,15490868,19097897,5887591,1302957,2446167,3019642,1740030,2073154,2628355,3607029,2716458,764113,126458
2002:Q2,ageunder40,3447043,5992160,2588351,775856,576884,314057,369474,473903,893635,2545117,1745812,785148,14157
2002:Q3,age70plus,8747207,9098504,2766956,489585,1264343,1234061,79180,847868,2416510,351296,194904,88319,68073
2002:Q3,age55to69,15438895,16881495,4288121,915442,2255482,3514437,1107685,1998022,2802306,1442600,1013711,298981,129908
2002:Q3,age40to54,15080722,18775709,6043731,1312992,2082115,2973165,1602319,2111365,2650022,3694987,2803838,769559,121590
2002:Q3,ageunder40,3290963,5905574,2650201,772765,448185,303278,336551,500198,894396,2614611,1806707,794748,13156
2002:Q4,age70plus,8952352,9315005,2796373,503664,1344669,1289479,90857,789120,2500843,362653,199471,96316,66866
2002:Q4,age55to69,15908374,17409736,4425627,936636,2404313,3621413,1182836,1937134,2901776,1501362,1057438,313715,130209
2002:Q4,age40to54,15294629,19082080,6185393,1317396,2200410,2933948,1652362,2099247,2693324,3787451,2892416,779255,115780
2002:Q4,ageunder40,3259012,5945920,2708406,768487,461733,294322,344255,483644,885073,2686908,1866988,807722,12198
2003:Q1,age70plus,9018468,9393135,2871220,520056,1234008,1336121,95586,805126,2531018,374667,202598,99486,72583
2003:Q1,age55to69,16119620,17675156,4596698,948678,2301640,3710326,1213640,1972663,2931511,1555536,1097669,316672,141195
2003:Q1,age40to54,15205816,19056268,6260757,1307496,2123711,2878041,1643964,2139842,2702457,3850452,2968366,768153,113933
2003:Q1,ageunder40,3261931,5998438,2762598,773353,419482,282495,340073,513641,906796,2736507,1918608,804813,13086
2003:Q2,age70plus,9499021,9919149,2929151,537001,1522422,1387161,117992,827804,2597618,420128,211457,106013,102658
2003:Q2,age55to69,16926010,18602822,4759315,967763,2732581,3812203,1352672,2018091,2960198,1676812,1154874,329126,192812
2003:Q2,age40to54,15633923,19605372,6374195,1305681,2448701,2828100,1769034,2184592,2695069,3971449,3082225,772370,116854
2003:Q2,ageunder40,3371866,6204404,2833279,775614,489812,272046,365180,547999,920474,2832539,1999824,814422,18293
2003:Q3,age70plus,9689494,10128318,2957491,552171,1619445,1435258,126606,840949,2596398,438825,230941,114437,93447
2003:Q3,age55to69,17438370,19161594,4912348,994044,2911435,3909603,1410367,2052374,2971422,1723223,1200461,341898,180864
2003:Q3,age40to54,15787457,19871983,6536493,1312734,2578180,2772726,1787720,2222299,2661831,4084527,3196299,779361,108867
2003:Q3,ageunder40,3404667,6307960,2905547,771893,504149,260689,367124,576683,921875,2903293,2063232,823979,16082
2003:Q4,age70plus,10139263,10584296,3001832,569475,1867852,1485391,148162,845439,2666145,445033,232097,121454,91482
2003:Q4,age55to69,18303008,20088900,5084587,1018822,3286186,4014447,1548229,2076317,3060312,1785891,1253150,357333,175408
2003:Q4,age40to54,16217586,20401305,6680281,1316516,2841027,2720717,1900282,2254013,2688469,4183718,3280745,787110,115863
2003:Q4,ageunder40,3479490,6464787,2976006,772788,557626,250037,389375,600246,918709,2985296,2129620,837035,18641
2004:Q1,age70plus,10771375,11231735,3104413,591782,1974442,1550077,156260,873865,2980896,460361,240074,125040,95247
2004:Q1,age55to69,19420314,21258891,5355054,1044684,3482063,4157433,1608126,2132493,3479038,1838577,1293656,360636,184285
2004:Q1,age40to54,16724529,20971033,6890938,1320004,2973222,2692534,1914398,2302655,2877281,4246504,3358267,776873,111364
2004:Q1,ageunder40,3603622,6633052,3083587,781297,571399,243994,390033,638971,923772,3029430,2176692,833923,18815
2004:Q2,age70plus,10858899,11347183,3153635,607293,1933397,1577129,162722,951565,2961443,488284,255912,130673,101699
2004:Q2,age55to69,19879797,21798593,5561698,1077440,3494224,4320486,1655720,2254786,3434238,1918796,1351547,369715,197534
2004:Q2,age40to54,16890546,21254142,7136185,1333597,2980983,2676094,1915464,2385083,2826736,4363596,3479806,776020,107770
2004:Q2,ageunder40,3675468,6787146,3194080,776784,545715,236144,388323,708663,937438,3111678,2254008,838131,19539
2004:Q3,age70plus,11101387,11599496,3268570,623988,1888820,1603794,166794,1028360,3019170,498108,263056,138437,96615
2004:Q3,age55to69,20551900,22542324,5856236,1094734,3503787,4487342,1692327,2377460,3530438,1990423,1409013,386834,194576
2004:Q3,age40to54,17051886,21517341,7332167,1327458,2989808,2660466,1901677,2466725,2839040,4465455,3581872,787098,96485
2004:Q3,ageunder40,3736455,6931546,3316104,781680,518864,228297,382814,778121,925666,3195091,2325551,852507,17033
2004:Q4,age70plus,11500144,12023023,3375947,621246,2090842,1600442,175762,1055638,3103145,522879,272977,138264,111638
2004:Q4,age55to69,21533351,23654418,6109573,1127837,3832122,4577307,1836394,2460377,3710808,2121067,1497394,407686,215987
2004:Q4,age40to54,17704698,22265780,7550945,1348430,3171576,2746322,2032798,2493418,2922291,4561083,3660530,803950,96603
2004:Q4,ageunder40,3867672,7165852,3430979,800705,565868,238633,404410,779054,946202,3298180,2409678,870219,18283
2005:Q1,age70plus,11584297,12077500,3486972,617591,2075832,1582600,165213,1088335,3060957,493203,254416,128475,110312
2005:Q1,age55to69,21949198,24176857,6368185,1154097,3885835,4632754,1858179,2551914,3725892,2227659,1603888,413346,210425
2005:Q1,age40to54,17999513,22587151,7731973,1361290,3174619,2812240,2026796,2524854,2955379,4587638,3702872,793400,91366
2005:Q1,ageunder40,3918534,7311655,3546734,822161,557122,244772,396415,783624,960827,3393121,2507384,869754,15983
2005:Q2,age70plus,11859089,12360716,3643024,619013,2132926,1566708,163018,1157322,3078705,501627,261114,125197,115316
2005:Q2,age55to69,22661649,25006394,6639282,1176817,4034084,4694216,1935611,2694476,3831908,2344744,1703744,427808,213192
2005:Q2,age40to54,18373320,23052657,7881282,1368880,3237518,2883728,2081913,2581300,3018037,4679337,3786707,800177,92453
2005:Q2,ageunder40,4014918,7511346,3670439,853650,566695,251747,401045,810818,956952,3496427,2601194,879207,16026
2005:Q3,age70plus,12069260,12580575,3753609,607378,2265802,1549189,163437,1239203,3001957,511315,268226,123585,119504
2005:Q3,age55to69,23380294,25848687,6913314,1202600,4282299,4751973,2027428,2856997,3814077,2468394,1805736,446808,215850
2005:Q3,age40to54,18881332,23659188,8132815,1383682,3360134,2954779,2155178,2647044,3025556,4777856,3872590,814032,91234
2005:Q3,ageunder40,4159275,7764086,3811924,864255,595289,258384,409818,846012,978405,3604812,2695328,893960,15524
2005:Q4,age70plus,12219176,12734438,3840072,597720,2281154,1531653,162337,1276872,3044630,515262,276220,122018,117024
2005:Q4,age55to69,24039083,26610765,7163757,1230548,4380426,4809552,2113055,2959945,3953481,2571682,1901037,464760,205885
2005:Q4,age40to54,19338963,24205398,8356908,1400934,3390839,3027574,2219602,2684612,3124929,4866435,3948888,826867,90680
2005:Q4,ageunder40,4225773,7923733,3930459,877068,593845,265130,416067,854004,987160,3697960,2776722,906910,14328
2006:Q1,age70plus,12645380,13184239,3876887,596289,2684537,1516159,160715,1283074,3066578,538859,291657,118646,128556
2006:Q1,age55to69,24924518,27623085,7233188,1250761,4980644,4871841,2197620,3018962,4070068,2698567,2001029,476342,221196
2006:Q1,age40to54,19764737,24737792,8313159,1407281,3712985,3105022,2281680,2702063,3215602,4973055,4047991,830865,94199
2006:Q1,ageunder40,4298776,8093111,3950836,906479,689955,272576,421346,842701,1009217,3794335,2866261,911732,16342
2006:Q2,age70plus,12540190,13088229,3915221,586445,2549264,1497432,149388,1329853,3060625,548039,297980,113592,136467
2006:Q2,age55to69,25091312,27918421,7370513,1278539,4887458,4924279,2213139,3135371,4109122,2827109,2111087,485437,230585
2006:Q2,age40to54,19891939,24961414,8442683,1425083,3631618,3178354,2272464,2746627,3264585,5069474,4138991,833509,96974
2006:Q2,ageunder40,4257425,8156347,4025401,919163,649897,279006,411858,856239,1014783,3898922,2964032,917073,17817
2006:Q3,age70plus,12625812,13180718,3925414,575837,2637712,1482201,147581,1375797,3036177,554906,299802,112076,143028
2006:Q3,age55to69,25634501,28584036,7477709,1307695,5082336,4984248,2295921,3250751,4185376,2949534,2209050,502484,238000
2006:Q3,age40to54,20261469,25417279,8552453,1445060,3715338,3257922,2333497,2790860,3322148,5155809,4200435,856728,98646
2006:Q3,ageunder40,4265394,8263542,4073365,929686,665756,286488,416596,869071,1022579,3998147,3039138,940152,18857
2006:Q4,age70plus,12833275,13407027,3926181,566916,2897432,1469139,150403,1397047,2999909,573752,304633,111003,158116
2006:Q4,age55to69,26317821,29381377,7542817,1328990,5498808,5047804,2411060,3329801,4222096,3063556,2282673,518125,262758
2006:Q4,age40to54,20671473,25884953,8556937,1455788,3919976,3341252,2428418,2818693,3363889,5213480,4233772,873086,106622
2006:Q4,ageunder40,4326400,8382936,4084367,946566,723918,294552,428164,866575,1038795,4056536,3078266,954502,23768
2007:Q1,age70plus,13000333,13585510,3906393,563678,3065579,1453850,145271,1389790,3060949,585177,321198,104896,159083
2007:Q1,age55to69,26829750,29960108,7502628,1346145,5794993,5102418,2467922,3365375,4380627,3130358,2356740,514463,259155
2007:Q1,age40to54,20873367,26140120,8419301,1460732,4054536,3420913,2463959,2827075,3493603,5266753,4296103,868929,101721
2007:Q1,ageunder40,4314656,8411178,4036031,974077,758381,301753,427526,846480,1066931,4096522,3123213,951884,21425
2007:Q2,age70plus,13085139,13694589,3899150,557969,3161014,1457278,148811,1414059,3056308,609449,329605,103551,176293
2007:Q2,age55to69,27199432,30456311,7488365,1367211,5994640,5149421,2590877,3445301,4420496,3256879,2439701,529512,287666
2007:Q2,age40to54,21060083,26394593,8353603,1471340,4135159,3497598,2565110,2855918,3515865,5334510,4350205,881654,102651
2007:Q2,ageunder40,4293078,8454652,4013598,995101,773919,319313,439570,845159,1067992,4161574,3175682,962248,23644
2007:Q3,age70plus,13245194,13845547,3863324,547922,3163945,1459438,145162,1417328,3248427,600353,330686,104036,165631
2007:Q3,age55to69,27664639,31003751,7444555,1387983,6070818,5188592,2658541,3491498,4761765,3339113,2525661,549446,264006
2007:Q3,age40to54,21330855,26738523,8310175,1483184,4149677,3570748,2611372,2869697,3743670,5407668,4389047,912273,106348
2007:Q3,ageunder40,4158208,8399481,3955633,1008853,765709,336022,440620,830704,1061940,4241273,3227278,989797,24198
2007:Q4,age70plus,13211607,13831677,3833823,570177,2975142,1480971,151562,1412687,3407315,620070,347465,108621,163984
2007:Q4,age55to69,27627004,31029378,7445794,1400101,5786312,5299184,2637584,3450333,5010070,3402375,2567209,562394,272772
2007:Q4,age40to54,20847914,26352660,8143699,1491374,3975732,3546442,2562118,2797666,3835630,5504746,4451733,937198,115815
2007:Q4,ageunder40,3957114,8195292,3819499,1013138,702484,340052,431653,795284,1093182,4238179,3210727,1001264,26188
2008:Q1,age70plus,12896098,13546398,3723994,589469,2687308,1500494,145147,1320703,3579282,650300,367616,107997,174687
2008:Q1,age55to69,27086781,30543556,7291043,1417955,5361867,5400438,2515715,3272694,5283844,3456774,2596408,554765,305601
2008:Q1,age40to54,20121741,25697994,7923813,1507310,3728363,3517052,2416090,2663943,3941423,5576253,4506336,942072,127845
2008:Q1,ageunder40,3617361,7824865,3618084,1008644,615581,343115,404069,708975,1126397,4207504,3179763,997174,30567
2008:Q2,age70plus,12679314,13356005,3624394,600239,2575651,1524909,154652,1328335,3547824,676692,412781,113524,150387
2008:Q2,age55to69,26972963,30370992,7144101,1433748,5164026,5512362,2511658,3245312,5359786,3398030,2574717,557727,265586
2008:Q2,age40to54,19640379,25278778,7779648,1523169,3601697,3493672,2388459,2599887,3892247,5638399,4556257,955906,126236
2008:Q2,ageunder40,3405532,7518777,3450083,991586,572402,347406,400341,682670,1074289,4113245,3095528,993296,24421
2008:Q3,age70plus,12247721,12950401,3559206,617335,2148644,1546454,145174,1292464,3641124,702681,409778,114007,178896
2008:Q3,age55to69,26241541,29740161,7028121,1443265,4532964,5613827,2370991,3149089,5601904,3498621,2602431,557706,338484
2008:Q3,age40to54,18849237,24519268,7575278,1530320,3241931,3463878,2223605,2504425,3979830,5670031,4548779,971435,149817
2008:Q3,ageunder40,3048714,7136775,3277435,986813,454503,350538,368952,632075,1066458,4088060,3050854,1000666,36540
2008:Q4,age70plus,11552158,12191157,3497484,626537,1512307,1562731,121329,1219224,3651545,638999,415300,114693,109006
2008:Q4,age55to69,25388109,28762944,6938437,1439175,3584249,5698705,2108671,2992338,6001369,3374835,2608741,555631,210463
2008:Q4,age40to54,17823010,23485343,7355384,1524057,2698484,3423935,1948648,2380407,4154427,5662333,4533164,976923,152246
2008:Q4,ageunder40,2652515,6657341,3102931,976477,290595,351830,317220,561843,1056445,4004826,2982862,996542,25422
2009:Q1,age70plus,11256564,11874562,3434283,633300,1297947,1573425,122672,1148276,3664659,617998,416238,108345,93415
2009:Q1,age55to69,24923649,28287874,6835147,1437177,3213299,5766793,2052578,2837099,6145781,3364225,2642217,533667,188341
2009:Q1,age40to54,17151991,22803848,7155398,1520475,2468201,3373494,1867793,2256446,4162041,5651858,4539900,958735,153223
2009:Q1,ageunder40,2340295,6286985,2941069,961104,228988,351263,302959,495283,1006318,3946690,2948233,977394,21063
2009:Q2,age70plus,11484512,12126415,3367176,639823,1777134,1595030,156489,1049190,3541573,641903,440971,108592,92340
2009:Q2,age55to69,25343695,28706776,6727238,1442439,3850005,5865656,2254659,2634182,5932597,3363080,2637214,525594,200272
2009:Q2,age40to54,17168800,22840360,7027494,1524415,2806931,3338720,2026899,2108087,4007814,5671559,4554446,952881,164232
2009:Q2,ageunder40,2333565,6198149,2821393,941838,326000,353927,335605,416031,1003355,3864584,2878942,961805,23837
2009:Q3,age70plus,12002126,12650416,3315554,641836,2284369,1617871,193523,1049838,3547425,648290,446016,109086,93188
2009:Q3,age55to69,26296067,29683731,6660092,1445760,4503427,5968777,2474396,2593715,6037565,3387664,2649449,522227,215988
2009:Q3,age40to54,17449624,23127337,6944078,1526500,3138661,3304258,2197959,2039824,3976057,5677713,4538698,962630,176385
2009:Q3,ageunder40,2337362,6148537,2716137,917171,428358,356887,371014,393202,965768,3811175,2819264,964768,27143
2009:Q4,age70plus,12129504,12804421,3322658,662111,2410892,1636304,215274,1031839,3525343,674917,468807,110393,95717
2009:Q4,age55to69,26573625,29969467,6658067,1453041,4625616,6060971,2579232,2523756,6068784,3395842,2644634,516447,234761
2009:Q4,age40to54,17258630,22954100,6820772,1527503,3178241,3261343,2255497,1957105,3953640,5695471,4542988,967312,185171
2009:Q4,ageunder40,2325936,6066828,2614180,917479,443158,358496,384508,361854,987153,3740892,2750323,960865,29704
2010:Q1,age70plus,12456180,13160423,3323318,669361,2626232,1681881,237783,1085798,3536051,704243,491340,107528,105375
2010:Q1,age55to69,27279217,30664741,6698257,1454939,4870624,6233158,2686088,2574961,6146714,3385524,2616969,494525,274030
2010:Q1,age40to54,17315259,22997357,6765213,1524650,3278965,3258993,2312936,1934898,3921702,5682098,4514059,950864,217175
2010:Q1,ageunder40,2349798,5984643,2526096,901853,477739,368234,398804,368849,943068,3634845,2653093,940140,41612
2010:Q2,age70plus,12319117,13056283,3338456,674891,2366548,1708982,233497,1201743,3532165,737166,522489,109564,105113
2010:Q2,age55to69,27282269,30655964,6731431,1453054,4468705,6398672,2602618,2730481,6271003,3373695,2598885,488277,286533
2010:Q2,age40to54,16850072,22542708,6704526,1516930,3039104,3247497,2190602,1962336,3881713,5692636,4515897,950219,226520
2010:Q2,ageunder40,2260138,5809278,2458496,886036,406456,370446,378169,407471,902205,3549141,2575585,930393,43163
2010:Q3,age70plus,12882855,13634846,3373369,680414,2778875,1746521,268120,1272370,3515178,751992,540440,112664,98888
2010:Q3,age55to69,28385209,31752663,6730393,1457338,4990272,6599350,2803942,2813728,6357640,3367455,2592536,488413,286506
2010:Q3,age40to54,17073194,22759860,6604344,1514251,3276626,3250131,2321860,1952863,3839786,5686666,4495364,964789,226513
2010:Q3,ageunder40,2364784,5846884,2380699,868362,484374,375868,407833,422869,906879,3482099,2503415,937859,40825
2010:Q4,age70plus,13355357,14125664,3331872,689114,3065807,1790215,288917,1276751,3682987,770306,537053,126049,107204
2010:Q4,age55to69,29085569,32491185,6708272,1464919,5403355,6754575,2950799,2823196,6386069,3405617,2572854,529960,302803
2010:Q4,age40to54,17377561,23013988,6456978,1501229,3478499,3281647,2448419,2018222,3828994,5636427,4405045,1009485,221897
2010:Q4,ageunder40,2481364,5948048,2325445,880239,561329,385643,439142,437839,918411,3466685,2442946,981317,42422
2011:Q1,age70plus,13677279,14471673,3300504,698688,3321078,1809295,302878,1269574,3769656,794393,550546,124980,118867
2011:Q1,age55to69,29552823,32972345,6620414,1482635,5775510,6843759,3035997,2815228,6398802,3419522,2572539,522087,324896
2011:Q1,age40to54,17518680,23106804,6293583,1496900,3651234,3274099,2526207,2075106,3789675,5588124,4378153,997284,212687
2011:Q1,ageunder40,2608383,6054258,2278814,890040,632272,388311,462608,447472,954742,3445876,2418888,983958,43030
2011:Q2,age70plus,13880235,14679977,3332992,714686,3293840,1826265,305436,1261049,3945710,799743,553072,128379,118292
2011:Q2,age55to69,29724288,33160795,6615305,1497078,5770655,6930647,3050836,2806104,6490170,3436507,2580458,534126,321923
2011:Q2,age40to54,17469716,22998924,6159151,1486509,3634732,3262053,2532634,2131448,3792397,5529208,4331284,996333,201591
2011:Q2,ageunder40,2704742,6135638,2274546,910802,640813,390477,471748,456870,990382,3430896,2395854,994239,40803
2011:Q3,age70plus,13409695,14216424,3308152,715235,2660504,1832873,276073,1264738,4158849,806728,558843,132733,115152
2011:Q3,age55to69,28985178,32438130,6594158,1520683,4942336,6990338,2840996,2817567,6732052,3452952,2587096,546592,319264
2011:Q3,age40to54,16938534,22432311,6116073,1487719,3220681,3233571,2340820,2197786,3835661,5493777,4288952,1006391,198434
2011:Q3,ageunder40,2582038,6013614,2276265,906992,514541,389694,441130,472958,1012034,3431576,2373502,1016459,41615
2011:Q4,age70plus,13800277,14604184,3322201,721766,2863630,1854284,293965,1281032,4267306,803907,557362,137657,108888
2011:Q4,age55to69,29597424,33076472,6585307,1531693,5254520,7095248,2962319,2849865,6797521,3479048,2603047,565132,310869
2011:Q4,age40to54,17116489,22567028,5971694,1474287,3359866,3226044,2441832,2274409,3818895,5450538,4238377,1015354,196807
2011:Q4,ageunder40,2716357,6153013,2249476,916908,575234,393252,470367,496018,1051758,3436656,2356154,1038082,42420
2012:Q1,age70plus,14366145,15193916,3352641,736976,3308696,1878950,321948,1264804,4329901,827770,571785,138077,117908
2012:Q1,age55to69,30441439,33924655,6570275,1543824,5896620,7211224,3161265,2829063,6712384,3483216,2594946,560529,327741
2012:Q1,age40to54,17400024,22790463,5793537,1459644,3646336,3222317,2602776,2327126,3738728,5390440,4198026,1003867,188547
2012:Q1,ageunder40,2937669,6346058,2221167,938471,690887,397723,512051,502694,1083065,3408389,2323203,1042568,42618
2012:Q2,age70plus,14391243,15225109,3395065,737825,3158482,1891672,315747,1284645,4441673,833866,573570,143056,117240
2012:Q2,age55to69,30502591,34009939,6642162,1560376,5728322,7292694,3101216,2866643,6818526,3507349,2603189,577234,326926
2012:Q2,age40to54,17314346,22652095,5810964,1452257,3553675,3200580,2552362,2408073,3674184,5337749,4145695,1009079,182975
2012:Q2,ageunder40,2997657,6400494,2274745,938506,673508,398657,511889,528468,1074721,3402838,2299377,1061099,42362
2012:Q3,age70plus,14906820,15737384,3456220,740308,3393054,1911896,332161,1324572,4579172,830563,563554,147077,119932
2012:Q3,age55to69,31276610,34836346,6765689,1575816,6084192,7396041,3209220,2936058,6869330,3559735,2629584,596645,333506
2012:Q3,age40to54,17648363,22930446,5820445,1443423,3699092,3189155,2638760,2504587,3634985,5282083,4085701,1019300,177082
2012:Q3,ageunder40,3188576,6605500,2319161,941061,742810,401639,539612,565197,1096020,3416924,2286792,1087432,42700
2012:Q4,age70plus,15122123,15977354,3517837,748002,3416735,1929177,336996,1331586,4697021,855231,587705,156851,110675
2012:Q4,age55to69,31714011,35259904,6871394,1593930,6151586,7489619,3234015,2950760,6968600,3545893,2610761,617123,318009
2012:Q4,age40to54,17714082,22974669,5798120,1436174,3713812,3173174,2655629,2577675,3620085,5260587,4058352,1031338,170897
2012:Q4,ageunder40,3357011,6756475,2347772,949333,764936,403600,553060,585028,1152745,3399464,2250176,1107593,41695
2013:Q1,age70plus,15895140,16706337,3639324,759146,3927745,1996318,360324,1336344,4687136,811197,542475,150622,118100
2013:Q1,age55to69,32842041,36481603,7089378,1606577,6881453,7730388,3387130,2960301,6826376,3639562,2683120,622183,334259
2013:Q1,age40to54,18262839,23413931,5813494,1423541,4013688,3226691,2779376,2650372,3506770,5151093,3966683,1018762,165648
2013:Q1,ageunder40,3630046,7055758,2400982,963826,896382,419624,589115,603885,1181945,3425713,2260620,1122206,42887
2013:Q2,age70plus,16121198,16944715,3750631,760147,3980580,2059005,365505,1406663,4622183,823518,544000,156236,123282
2013:Q2,age55to69,33214220,36903505,7290285,1619138,6985099,7952220,3407861,3074121,6574781,3689285,2699171,642814,347300
2013:Q2,age40to54,18448660,23559962,5903669,1413734,4041408,3270966,2796713,2770491,3362982,5111303,3926503,1022290,162510
2013:Q2,ageunder40,3893437,7321722,2495227,963801,924804,435915,602901,657533,1241541,3428285,2244924,1138853,44508
2013:Q3,age70plus,16674278,17504471,3841838,759381,4228843,2127105,387010,1475772,4684522,830192,546721,162108,121363
2013:Q3,age55to69,34241446,37974230,7519436,1638062,7351153,8187313,3544459,3183200,6550607,3732784,2726623,663822,342339
2013:Q3,age40to54,18916075,24010646,5993736,1410936,4178965,3321641,2907053,2889296,3309018,5094571,3903268,1037149,154154
2013:Q3,ageunder40,4181598,7634407,2599322,958082,996427,453305,636023,710632,1280615,3452809,2242595,1167218,42996
2013:Q4,age70plus,17341337,18235757,3962812,767219,4600394,2240377,420749,1551771,4692435,894420,557952,169746,166722
2013:Q4,age55to69,35336805,39168560,7635215,1648085,7842913,8413654,3765535,3306542,6556616,3831755,2732152,675830,423773
2013:Q4,age40to54,19218827,24323123,6094287,1409476,4313037,3348894,3013249,2845868,3298313,5104296,3888482,1058961,156853
2013:Q4,ageunder40,4216413,7669813,2596483,952554,1001106,462983,657503,702935,1296248,3453400,2216458,1185931,51011
2014:Q1,age70plus,17983903,18914694,4091851,776710,4945009,2308907,435358,1581642,4775216,930791,577884,172165,180742
2014:Q1,age55to69,36264470,40082240,7754678,1649722,8297200,8498788,3849828,3353938,6678085,3817770,2718486,664368,434916
2014:Q1,age40to54,19311902,24408317,6132878,1401305,4432043,3314151,3012632,2774218,3341090,5096416,3875915,1066821,153680
2014:Q1,ageunder40,4245057,7667832,2603214,951330,999917,459432,656002,671870,1326067,3422775,2177180,1193461,52134
2014:Q2,age70plus,18686812,19660264,4224681,787287,5312877,2380524,457127,1687391,4810377,973452,601224,182180,190048
2014:Q2,age55to69,37327036,41151316,7887418,1660861,8781444,8586531,3983025,3523121,6728916,3824281,2709112,677849,437320
2014:Q2,age40to54,19529547,24650935,6251196,1402195,4563265,3282714,3051987,2755422,3344157,5121388,3877316,1091887,152185
2014:Q2,ageunder40,4307586,7719592,2645376,947201,1003791,456297,662866,680200,1323860,3412006,2146233,1212086,53687
2014:Q3,age70plus,19030566,20012169,4372340,805229,5253790,2448715,461602,1794175,4876318,981603,621969,190917,168717
2014:Q3,age55to69,37784445,41553495,8033729,1673258,8677371,8657134,3989943,3692692,6829368,3769050,2709260,688587,371203
2014:Q3,age40to54,19384219,24537501,6327970,1403429,4461114,3245675,2997386,2738630,3363297,5153282,3883692,1123764,145826
2014:Q3,ageunder40,4243904,7657431,2663126,951612,917397,451825,649695,688925,1334851,3413527,2124433,1239677,49417
2014:Q4,age70plus,19605977,20620552,4506397,820187,5521965,2522047,478791,1886459,4884706,1014575,642441,200342,171792
2014:Q4,age55to69,38604003,42373076,8134324,1677964,9018288,8736415,4089654,3837101,6879331,3769073,2707951,702178,358944
2014:Q4,age40to54,19420313,24601004,6356017,1399425,4537806,3214210,3013046,2713686,3366813,5180690,3888846,1148283,143561
2014:Q4,ageunder40,4226074,7637511,2649756,954184,901650,448460,651338,690470,1341653,3411438,2102270,1258738,50430
2015:Q1,age70plus,20171616,21210781,4645577,834871,5704535,2594297,495024,1971436,4965042,1039165,656880,201188,181097
2015:Q1,age55to69,39393517,43142146,8247108,1684481,9237501,8805461,4176598,3967803,7023194,3748629,2699745,689351,359533
2015:Q1,age40to54,19540841,24710226,6425594,1397682,4567463,3179863,3022837,2685275,3431511,5169385,3874285,1152366,142734
2015:Q1,ageunder40,4261656,7648973,2654459,955306,868925,444532,652179,688686,1384886,3387317,2070028,1264197,53092
2015:Q2,age70plus,20562533,21637786,4808694,860881,5781800,2665437,502953,2083380,4934641,1075253,673181,210196,191876
2015:Q2,age55to69,39826471,43608915,8379867,1703257,9307445,8864084,4209212,4140320,7004730,3782444,2713629,705503,363312
2015:Q2,age40to54,19486433,24692154,6534384,1404442,4540205,3142441,2990107,2674386,3406189,5205721,3886267,1176834,142620
2015:Q2,ageunder40,4236704,7642240,2693057,966506,816097,440097,643816,700006,1382661,3405536,2063534,1285198,56804
2015:Q3,age70plus,20463041,21568647,4928126,870644,5315284,2731906,486134,2163991,5072562,1105607,691366,219015,195226
2015:Q3,age55to69,39550727,43345797,8505025,1721651,8623553,8901443,4066316,4259653,7268156,3795070,2726404,719720,348946
2015:Q3,age40to54,19105352,24356076,6693865,1414286,4222049,3097237,2830932,2644816,3452891,5250725,3901274,1208646,140805
2015:Q3,ageunder40,4028868,7462938,2727293,957115,658078,434250,608583,696726,1380893,3434070,2059292,1315685,59093
2015:Q4,age70plus,20999696,22132509,5047215,882768,5601904,2810215,509245,2210730,5070432,1132813,716238,216235,200340
2015:Q4,age55to69,40326491,44096722,8601162,1735370,8973393,8967220,4204996,4321677,7292904,3770231,2734967,695097,340167
2015:Q4,age40to54,19271799,24530964,6796423,1420040,4307653,3065139,2878248,2595710,3467751,5259165,3926401,1188640,144124
2015:Q4,ageunder40,4039183,7463095,2736050,952448,651067,431496,618276,678440,1395319,3423912,2058199,1300250,65463
2016:Q1,age70plus,21526195,22682744,5186513,905437,5752719,2887467,524684,2226086,5199837,1156549,730822,217836,207891
2016:Q1,age55to69,40913517,44668402,8680908,1747405,9131044,9022315,4283362,4330448,7472920,3754884,2735917,686724,332243
2016:Q1,age40to54,19313205,24572816,6855804,1422633,4319104,3029345,2884630,2528989,3532310,5259611,3921229,1195365,143017
2016:Q1,ageunder40,4021816,7447843,2741219,961768,618591,428379,620096,647101,1430689,3426027,2044114,1312309,69604
2016:Q2,age70plus,22221841,23413325,5407775,934382,5992483,2971786,542678,2328654,5235567,1191484,745828,225886,219770
2016:Q2,age55to69,41684593,45470368,8859350,1755784,9405511,9064792,4383098,4478041,7523791,3785775,2752352,700570,332853
2016:Q2,age40to54,19394682,24680614,6947553,1421296,4375414,3004623,2903399,2514340,3513989,5285933,3931165,1215251,139517
2016:Q2,ageunder40,4035874,7492913,2784758,980261,603800,428252,625101,655880,1414861,3457039,2048513,1335086,73440
2016:Q3,age70plus,22775513,24008360,5530829,938762,6250956,3059523,567529,2419561,5241200,1232847,766816,234665,231366
2016:Q3,age55to69,42383187,46197173,8968431,1774191,9699302,9109704,4524881,4603777,7516887,3813986,2766919,713925,333142
2016:Q3,age40to54,19637175,24967567,7142447,1432382,4438472,2981361,2953176,2492537,3527193,5330392,3950902,1243715,135775
2016:Q3,ageunder40,4073000,7579162,2860928,965856,592968,429060,638085,659927,1432338,3506163,2058711,1369283,78169
2016:Q4,age70plus,22900339,24148434,5596084,947869,6277591,3100821,591258,2376012,5258799,1248095,785001,245781,217313
2016:Q4,age55to69,42519506,46336445,9129069,1779377,9793056,9127540,4517224,4572631,7417548,3816939,2756324,735479,325136
2016:Q4,age40to54,19994315,25334338,7272135,1447540,4532840,2990340,2958006,2579069,3554408,5340024,3947176,1257261,135587
2016:Q4,ageunder40,4065225,7640533,2904921,961943,593432,444079,642846,654819,1438493,3575307,2103429,1397914,73964
2017:Q1,age70plus,23506659,24776004,5688289,967215,6637684,3150103,637973,2333622,5361118,1269345,806293,247687,215365
2017:Q1,age55to69,43386604,47197230,9272802,1785599,10334710,9163354,4669959,4542617,7428189,3810626,2739772,726800,344054
2017:Q1,age40to54,20676015,26001296,7378237,1461644,4794720,3006677,3069426,2665709,3624884,5325281,3943262,1246579,135440
2017:Q1,ageunder40,4232234,7859821,2977401,970744,656524,461497,671663,650982,1471010,3627587,2147202,1409355,71030
2017:Q2,age70plus,23999160,25297511,5787515,976878,6822613,3199059,677210,2423538,5410698,1298351,827953,257053,213345
2017:Q2,age55to69,44085434,47921934,9432862,1786318,10634189,9192708,4762986,4723654,7389216,3836500,2729624,740793,366083
2017:Q2,age40to54,21239191,26577252,7529127,1473191,4965553,3020481,3139887,2828904,3620109,5338061,3945134,1251287,141640
2017:Q2,ageunder40,4364976,8071484,3087596,969682,687868,479094,692548,706602,1448094,3706508,2199849,1433574,73085
2017:Q3,age70plus,24421329,25743081,5881330,982540,7037928,3249226,721139,2408000,5462918,1321752,848802,265725,207225
2017:Q3,age55to69,44669474,48523573,9600940,1785070,10969807,9220509,4878475,4735254,7333518,3854098,2724952,753585,375561
2017:Q3,age40to54,21793429,27146937,7676573,1484004,5149515,3033897,3226834,2931391,3644724,5353508,3949667,1262206,141635
2017:Q3,ageunder40,4465797,8263099,3185979,964540,725652,497250,718197,716341,1455141,3797302,2259380,1467663,70259
2017:Q4,age70plus,25060280,26416584,5941452,998167,7438108,3301216,769236,2412407,5555998,1356305,868893,277658,209754
2017:Q4,age55to69,45583706,49481560,9721523,1798170,11544853,9248894,5014902,4778182,7375035,3897854,2717179,775093,405582
2017:Q4,age40to54,22494109,27863291,7813488,1503919,5420023,3047928,3327785,3045738,3704410,5369182,3949356,1275205,144621
2017:Q4,ageunder40,4619307,8509905,3269208,967379,799513,516087,747875,735759,1474084,3890598,2316917,1502796,70885
2018:Q1,age70plus,25314416,26694197,6069246,1020677,7373019,3350666,789359,2397690,5693541,1379781,891898,279510,208373
2018:Q1,age55to69,45820040,49703476,9925789,1808287,11501853,9265544,4962092,4790736,7449176,3883436,2694183,763355,425898
2018:Q1,age40to54,22918909,28270330,7980752,1520601,5467412,3057859,3299122,3149736,3794849,5351421,3940739,1261597,149085
2018:Q1,ageunder40,4755876,8704722,3391530,979316,784777,534407,748141,747193,1519358,3948846,2361869,1515414,71563
2018:Q2,age70plus,25669779,27073461,6149420,1039634,7466804,3403318,824630,2398000,5791655,1403682,916582,288043,199057
2018:Q2,age55to69,46208169,50096952,10026013,1817100,11666840,9287572,5002496,4827024,7469907,3888783,2683248,771636,433899
2018:Q2,age40to54,23327869,28692107,8085847,1537083,5591583,3070653,3335728,3263328,3807885,5364238,3946354,1260638,157246
2018:Q2,ageunder40,4841337,8874188,3499434,987082,800666,553659,763702,766025,1503620,4032851,2420667,1537856,74328
2018:Q3,age70plus,26267433,27698849,6228233,1054699,7804790,3459668,872136,2382240,5897083,1431416,940510,298500,192406
2018:Q3,age55to69,46953559,50860556,10130460,1820930,12145772,9316681,5108392,4838468,7499853,3906997,2677884,786546,442567
2018:Q3,age40to54,23853346,29241322,8175532,1550909,5828592,3087106,3421578,3368991,3808615,5387976,3955756,1273565,158655
2018:Q3,ageunder40,4922623,9056010,3583267,991179,864157,573899,791450,777976,1474082,4133387,2484870,1575954,72563
2018:Q4,age70plus,25194769,26644917,6262383,1070569,6548361,3502676,832154,2326348,6102426,1450148,962612,310720,176816
2018:Q4,age55to69,45161472,49072410,10199003,1835670,10571859,9304716,4669930,4788382,7702850,3910939,2664539,804944,441456
2018:Q4,age40to54,23357474,28765040,8268825,1572714,5343183,3088703,3133312,3453303,3905000,5407566,3955178,1283086,169302
2018:Q4,ageunder40,4632692,8856382,3655996,992652,617877,590572,728388,771695,1499202,4223689,2539289,1608291,76109
2019:Q1,age70plus,26932082,28393720,6424285,1106315,7711653,3573092,917247,2333136,6327992,1461638,982605,312502,166531
2019:Q1,age55to69,47583104,51455634,10384162,1837592,12108803,9367949,5008604,4836378,7912147,3872530,2640957,793208,438365
2019:Q1,age40to54,24579393,29955680,8326122,1583137,5958841,3120704,3376134,3575702,4015040,5376287,3942684,1269454,164149
2019:Q1,ageunder40,5070708,9340025,3744842,1020888,841332,614271,792906,794612,1531174,4269317,2580691,1619306,69320
2019:Q2,age70plus,27540507,29023357,6525070,1125217,7957201,3619989,966594,2389441,6439845,1482849,998872,322121,161856
2019:Q2,age55to69,48328844,52234452,10482715,1837414,12462502,9420675,5124168,4960576,7946402,3905608,2641476,808657,455475
2019:Q2,age40to54,25131837,30521541,8408201,1595344,6158727,3155213,3465621,3728453,4009981,5389703,3946258,1274631,168814
2019:Q2,ageunder40,5184616,9545958,3843674,1028621,886768,637630,819648,840914,1488703,4361343,2644358,1646699,70286
2019:Q3,age70plus,27658126,29163987,6542266,1133130,7848465,3665161,1000423,2373729,6600813,1505861,1019187,331808,154866
2019:Q3,age55to69,48408095,52332907,10493747,1852955,12370660,9467382,5141349,4975185,8031629,3924812,2639783,822347,462682
2019:Q3,age40to54,25572614,30985896,8569225,1620692,6208800,3188993,3489786,3843236,4065164,5413282,3957054,1287761,168467
2019:Q3,ageunder40,5194565,9650008,3938565,1017946,862178,660210,829369,853692,1488048,4455443,2705953,1682232,67258
2019:Q4,age70plus,28966845,30483124,6654980,1150784,8747848,3722878,1023288,2448731,6734615,1516279,1021355,337754,157170
2019:Q4,age55to69,49749929,53710832,10646008,1870579,13145618,9488592,5397514,5000521,8162000,3960903,2646509,848052,466342
2019:Q4,age40to54,25834874,31291662,8602044,1622993,6299858,3260099,3616989,3756176,4133502,5456787,3974471,1309692,172624
2019:Q4,ageunder40,5604779,10120487,3984525,1026986,1067335,691106,874905,871589,1604041,4515708,2748986,1696693,70029
2020:Q1,age70plus,27362996,28880884,6852450,1166645,6599511,3743952,902192,2564316,7051818,1517888,1022835,329569,165484
2020:Q1,age55to69,46725958,50691951,10873050,1882618,10142580,9408124,4797767,5084954,8502858,3965993,2644518,834403,487072
2020:Q1,age40to54,24397197,29872281,8724219,1622921,5096687,3294825,3169602,3693035,4270992,5475084,3986034,1302132,186918
2020:Q1,ageunder40,5387594,9928254,4084122,1034345,679625,712032,773387,907286,1737457,4540660,2779710,1681722,79228
2020:Q2,age70plus,29894712,31408165,7069424,1170022,8475104,3790090,981984,2665376,7256166,1513454,1029920,324052,159482
2020:Q2,age55to69,49860142,53803274,11140388,1879918,12144333,9396873,5396430,5145860,8699472,3943131,2645057,825695,472379
2020:Q2,age40to54,25603191,31092356,8858403,1615778,5638263,3358412,3527571,3623802,4470126,5489165,4012741,1291063,185361
2020:Q2,ageunder40,6231219,10778114,4193658,1029885,1065816,738877,872880,934885,1942113,4546895,2812856,1656569,77470
2020:Q3,age70plus,31471413,33017906,7301925,1224111,9556502,3828864,1011886,2846373,7248245,1546493,1041479,326268,178746
2020:Q3,age55to69,51502003,55514504,11403205,1932524,13148967,9365964,5698497,5321691,8643655,4012501,2668897,840702,502902
2020:Q3,age40to54,26099063,31664224,9014334,1640744,5839536,3417340,3688171,3596817,4467282,5565162,4070983,1312025,182154
2020:Q3,ageunder40,6748531,11360572,4308863,1068534,1295367,763082,920463,997665,2006598,4612042,2870259,1663704,78079
2020:Q4,age70plus,34193408,35792238,7575633,1273087,11492852,3892230,1072721,3004667,7481047,1598830,1061470,332048,205312
2020:Q4,age55to69,54716190,58803963,11742230,1979817,15176255,9402463,6161108,5461426,8880664,4087774,2677698,859015,551061
2020:Q4,age40to54,27279040,32930272,9224954,1664463,6396042,3504799,3968641,3558944,4612430,5651233,4133460,1332068,185705
2020:Q4,ageunder40,7555213,12210627,4441465,1100818,1683005,792644,997640,1047896,2147159,4655415,2910565,1661721,83129
2021:Q1,age70plus,36076441,37711918,7960052,1321861,12730242,3935066,1082915,3167652,7514129,1635476,1080769,329456,225251
2021:Q1,age55to69,56629397,60748105,12215487,2014185,16341938,9384579,6310747,5605605,8875564,4118708,2680238,854345,584125
2021:Q1,age40to54,28014392,33732461,9484036,1681002,6665704,3575022,4050507,3524533,4751657,5718069,4192690,1338326,187053
2021:Q1,ageunder40,8244219,12913340,4611708,1134332,1930052,815855,1022058,1097911,2301424,4669120,2938704,1645082,85334
2021:Q2,age70plus,38456714,40148945,8551595,1428031,14057756,3983174,1117769,3457501,7553119,1692231,1109405,350211,232615
2021:Q2,age55to69,59227062,63541857,13028387,2111570,17605009,9382584,6620642,5926572,8867093,4314795,2790600,927865,596330
2021:Q2,age40to54,28909121,34878059,9973725,1735604,6976334,3654871,4235090,3549571,4752864,5968938,4368018,1413185,187735
2021:Q2,ageunder40,8880602,13745358,4916034,1214223,2186536,839099,1068512,1202039,2318916,4864757,3084665,1693911,86181
2021:Q3,age70plus,39826091,41531544,9019019,1505341,14428682,4016769,1100345,3774147,7687241,1705453,1111583,353528,240342
2021:Q3,age55to69,60388025,64804693,13674307,2184481,17731433,9344151,6629929,6279942,8960450,4416668,2849150,956123,611395
2021:Q3,age40to54,29279609,35380467,10365793,1779383,6912627,3724831,4221141,3584954,4791738,6100858,4458835,1448408,193615
2021:Q3,ageunder40,9278540,14226234,5122580,1264412,2255342,857257,1060552,1313895,2352196,4947694,3156162,1702119,89413
2021:Q4,age70plus,41425603,43147380,9262490,1585141,15347100,4067446,1125838,3992951,7766413,1721777,1116575,360795,244407
2021:Q4,age55to69,61927589,66456191,13919178,2263860,18506146,9353859,6863981,6493833,9055334,4528602,2910460,994363,623779
2021:Q4,age40to54,29852185,36112959,10537633,1829799,7076859,3817241,4375078,3577534,4898816,6260774,4562568,1487795,210411
2021:Q4,ageunder40,9670084,14697797,5184450,1312308,2419001,877933,1093097,1377810,2433198,5027713,3224885,1705571,97257
2022:Q1,age70plus,42175548,43880272,10180377,1674542,14792761,4012126,1058823,4188002,7973640,1704724,1101522,357106,246096
2022:Q1,age55to69,62177166,66806693,15343745,2347378,17566517,9087285,6555695,6673919,9232153,4629527,2988896,1013240,627391
2022:Q1,age40to54,30108847,36494268,11410365,1884460,6670260,3808834,4174096,3561932,4984321,6385421,4656295,1511305,217821
2022:Q1,ageunder40,10002582,15094701,5607761,1365890,2305989,871285,1033409,1426952,2483415,5092118,3297272,1695322,99524
2022:Q2,age70plus,40582369,42292325,10736686,1715872,12418229,3957891,933804,4475205,8054638,1709956,1112393,368110,229453
2022:Q2,age55to69,59416108,64131012,16188769,2395784,14540004,8784534,5920851,6979039,9322030,4714904,3053238,1060064,601602
2022:Q2,age40to54,29023464,35602336,12023505,1922812,5556045,3776529,3756061,3586837,4980547,6578872,4785457,1565303,228112
2022:Q2,ageunder40,9695315,14852006,5875013,1372103,1869386,854720,917599,1510608,2452577,5156691,3354625,1700651,101415
2022:Q3,age70plus,40139043,41881941,10592477,1767228,11960468,3929332,879918,4527439,8225078,1742898,1137234,378084,227580
2022:Q3,age55to69,57718346,62498706,15529914,2449134,13766150,8554147,5689307,6965705,9544348,4780360,3085976,1094045,600339
2022:Q3,age40to54,27987833,34756835,11674957,1965833,5213063,3775697,3616037,3517669,4993580,6769003,4914388,1619204,235411
2022:Q3,ageunder40,9326459,14499802,5724246,1384457,1777647,842853,869427,1489806,2411366,5173343,3372589,1698063,102691
2022:Q4,age70plus,40936907,42705381,10376750,1802105,12701795,3918501,926067,4426389,8553774,1768474,1170641,394612,203221
2022:Q4,age55to69,58363180,63150247,15267811,2460634,14450721,8408837,5889370,6758767,9914107,4787067,3106402,1122496,558169
2022:Q4,age40to54,28000764,34878201,11484792,1977349,5462491,3729476,3762463,3462192,4999438,6877437,4978643,1654685,244109
2022:Q4,ageunder40,9036386,14261382,5465559,1395374,1879807,829385,902108,1426062,2363087,5224996,3398411,1722451,104134
2023:Q1,age70plus,42358802,44179830,10469812,1846424,13597390,3995361,984016,4380944,8905883,1821028,1218209,401869,200950
2023:Q1,age55to69,59479048,64203602,15118324,2473490,15189240,8425518,6134487,6588243,10274300,4724554,3072478,1107309,544767
2023:Q1,age40to54,28493810,35408712,11491754,1998802,5758296,3763137,3949590,3430343,5016790,6914902,5024427,1657519,232956
2023:Q1,ageunder40,9147106,14361225,5461701,1413036,2006732,836526,945563,1386282,2311384,5214118,3395500,1720037,98581
2023:Q2,age70plus,44214191,46080573,11065906,1888627,14485692,4057770,1035866,4505969,9040744,1866382,1246288,414047,206047
2023:Q2,age55to69,61499166,66238738,15976423,2486057,15967602,8454065,6358429,6670566,10325597,4739573,3071966,1120619,546988
2023:Q2,age40to54,29501713,36475988,12003615,2015195,6059201,3793663,4119605,3469088,5015621,6974275,5069395,1675402,229478
2023:Q2,ageunder40,9579410,14826253,5714509,1434732,2137967,843196,985389,1422060,2288400,5246843,3417928,1731616,97299
2023:Q3,age70plus,43936308,45845475,11232888,1900123,14011481,4040686,1031582,4532156,9096559,1909166,1270097,422005,217064
2023:Q3,age55to69,60812680,65587825,16131939,2480460,15299532,8321824,6358670,6645842,10349558,4775145,3085747,1129195,560203
2023:Q3,age40to54,29240964,36256301,12114383,2013991,5835655,3747582,4089169,3462447,4993075,7015337,5109910,1676879,228548
2023:Q3,ageunder40,9494651,14787402,5790621,1438207,2050257,836418,977129,1426113,2268657,5292751,3459706,1734968,98077
2023:Q4,age70plus,45786886,47735395,11263310,1925422,15478371,4165674,1104213,4405060,9393345,1948509,1296362,433991,218156
2023:Q4,age55to69,62611575,67412333,15946004,2476765,16741654,8537722,6608797,6427072,10674319,4800759,3096468,1145958,558333
2023:Q4,age40to54,29826011,36890941,11958687,2009484,6336954,3831448,4306199,3390954,5057216,7064930,5141535,1693818,229577
2023:Q4,ageunder40,9669240,15000860,5737032,1448769,2277659,857192,1037353,1361908,2280947,5331621,3482464,1750585,98572
2024:Q1,age70plus,47963632,49957548,11813401,1963657,16913532,4216330,1174471,4354792,9521365,1993916,1325290,433637,234989
2024:Q1,age55to69,65232865,70031761,16790697,2498465,18158161,8582933,6949680,6322638,10729186,4798896,3088209,1128147,582540
2024:Q1,age40to54,31061974,38150070,12410944,2024875,6835172,3852996,4541108,3362334,5122641,7088096,5167440,1687657,232999
2024:Q1,ageunder40,10194789,15513966,5954978,1466169,2494914,860638,1091807,1327552,2317907,5319177,3475685,1742530,100962
2024:Q2,age70plus,49030130,51058699,12282377,1986470,17318149,4254952,1200272,4417589,9598890,2028569,1345008,440239,243322
2024:Q2,age55to69,66296905,71117147,17479086,2501216,18416997,8582457,7034201,6347274,10755917,4820243,3095802,1133154,591287
2024:Q2,age40to54,31710563,38862098,12851180,2039439,6972084,3878840,4628230,3390252,5102072,7151535,5220931,1698445,232159
2024:Q2,ageunder40,10422235,15770842,6156438,1475625,2547065,864179,1109352,1342652,2275531,5348608,3502175,1745572,100861
2024:Q3,age70plus,50583432,52631290,12277670,2009629,18484220,4299286,1259771,4450312,9850401,2047857,1358724,444123,245010
2024:Q3,age55to69,67808112,72649662,17320860,2509821,19522804,8620796,7307741,6348782,11018858,4841550,3113553,1136518,591479
2024:Q3,age40to54,32361354,39576316,12815169,2052466,7388201,3909623,4837477,3402543,5170837,7214963,5266108,1717597,231258
2024:Q3,ageunder40,10608692,16011176,6132992,1487594,2729350,870420,1158375,1348700,2283745,5402484,3535244,1766626,100614
2024:Q4,age70plus,51058686,53141783,12262977,2056027,18755312,4362129,1268683,4509207,9927448,2083097,1394382,440199,248516
2024:Q4,age55to69,67635330,72428286,17043363,2531613,19558812,8644539,7250452,6348042,11051464,4792955,3111805,1106272,574878
2024:Q4,age40to54,32483181,39667427,12730085,2074203,7432594,3935697,4830008,3412717,5252122,7184246,5315186,1693944,175116
2024:Q4,ageunder40,10708308,16096831,6100246,1512335,2755495,878345,1160455,1360313,2329642,5388524,3564437,1747465,76622
2025:Q1,age70plus,50674654,52764530,12330926,2104552,18087193,4389101,1244264,4504812,10103682,2089876,1414085,434924,240867
2025:Q1,age55to69,66909037,71658844,16955887,2557724,18812339,8669495,7105129,6333476,11224794,4749807,3113867,1085090,550850
2025:Q1,age40to54,32066182,39226032,12580963,2087219,7158719,3941174,4719511,3410550,5327896,7159850,5332106,1677301,150443
2025:Q1,ageunder40,10626090,16000176,6067084,1549775,2636943,881660,1137058,1352050,2375606,5374087,3571061,1737757,65269
